Term structure and Liquidity factors estimated from coupon bonds. End-of-month sample 12-1985 to 12-2025.	
Columns 1-3 are the year, month, and day (end-of-month data)."						
Column 4 is the standardized liquidity factor. 						
Columns 5-7 are the level, slope and curvature term structure factors estimated jointly."
1985	12	31	0.618321549754292	0.107039126411510	-0.0318281789817138	-0.0304928339437886
1986	1	31	0.829835817991320	0.106525085112867	-0.0312785861576886	-0.0298812146361136
1986	2	28	0.660302722237549	0.0907927489603363	-0.0162422947118325	-0.0172430362684244
1986	3	31	0.513764018703109	0.0837837974140001	-0.0149441307065123	-0.0193056873623388
1986	4	30	0.482434815504302	0.0831890255691949	-0.0180315944960540	-0.0125292399430080
1986	5	30	-0.550159315045151	0.0866261279103104	-0.0235287484350595	0.00558427286123994
1986	6	30	-0.571763610318224	0.0796469253472140	-0.0199847776484559	0.00419694451716532
1986	7	31	-0.560886738054341	0.0826009275125711	-0.0241167433166829	-0.00569160157614172
1986	8	29	-0.286245616803489	0.0814719806429646	-0.0287418784118898	-0.0151405207397505
1986	9	30	-0.145755952233761	0.0866728237363532	-0.0331343712075740	-0.00954185572407454
1986	10	31	0.270821958754798	0.0871050391641703	-0.0322028539821291	-0.0193524805925509
1986	11	28	-0.0227600321632256	0.0853331109507608	-0.0287446077216119	-0.0236301713204847
1986	12	31	0.114821661850002	0.0851895280188247	-0.0259091182212877	-0.0220042120305344
1987	1	30	0.00681873099719254	0.0844402389359876	-0.0259043623906725	-0.0233989107706216
1987	2	27	0.654315013060202	0.0845582929372536	-0.0255102885245408	-0.0230352060973182
1987	3	31	0.718282425813136	0.0886552545017723	-0.0268384484384267	-0.0259420731957899
1987	4	30	1.74639480191063	0.0926612693272833	-0.0284981881296907	-0.00887157067457398
1987	5	29	2.24359133045004	0.0952168706498692	-0.0281780423625895	-0.00658571431369208
1987	6	30	1.66846870268205	0.0966922724912221	-0.0312352221903720	-0.0137535031301009
1987	7	31	0.285455025787383	0.0983103123706804	-0.0340935064407574	-0.0109591406599265
1987	8	31	0.878660736453068	0.100754360137727	-0.0330620872155023	-0.00846578227818539
1987	9	30	0.995876405959346	0.106470008701166	-0.0338950674604947	-0.00479333280258245
1987	10	30	2.34002358188262	0.104152049863047	-0.0387098777607263	-0.0149579696487998
1987	11	30	2.17207446123804	0.107035367555459	-0.0389942190144272	-0.0233769879451500
1987	12	31	2.90937640745992	0.104884778756654	-0.0345081473674362	-0.0245401161375736
1988	1	29	2.17989648329632	0.0997035003308514	-0.0315528501944355	-0.0325988583031009
1988	2	29	2.10790746541849	0.0982280880384312	-0.0323386190297090	-0.0304353128024872
1988	3	31	1.76715282264706	0.102759939368187	-0.0356904590989361	-0.0287393527759723
1988	4	29	1.77070967155096	0.104622703202248	-0.0351247128925886	-0.0258295888640144
1988	5	31	1.54584571439331	0.106145331882528	-0.0316373038518202	-0.0223445102823133
1988	6	30	1.65743575221442	0.102160277328150	-0.0272824111921489	-0.0252949716292142
1988	7	29	1.74380722849545	0.103875375990541	-0.0249257615387374	-0.0229374026266938
1988	8	31	1.62345006212189	0.103650195531183	-0.0201720982909752	-0.0218661045620388
1988	9	30	1.42287962113709	0.0995576068249796	-0.0173498819860652	-0.0233397149841375
1988	10	31	1.44321374966002	0.0979977839502017	-0.0151139062476362	-0.0291528931081899
1988	11	30	1.57521510806848	0.0995738436492982	-0.0117936350583982	-0.0207284600675382
1988	12	30	1.73062736616501	0.0985394796755853	-0.00704415131548516	-0.0154020698438515
1989	1	31	1.37003741225377	0.0955848762311469	-0.00366427189087112	-0.0138132375510667
1989	2	28	1.44916152197297	0.0974816326452779	-0.00250524926570459	-0.00924755799619217
1989	3	31	1.32540870485446	0.0954776428441065	0.00404228006572744	-0.00792355710991056
1989	4	28	1.37600469043488	0.0952460138978770	-0.000716573746544446	-0.0152593531742472
1989	5	31	0.258324301999936	0.0914984045406233	0.000768955529646881	-0.0193459094949939
1989	6	30	-0.0302016645774424	0.0892339829997068	-0.00322120527582589	-0.0287232072706198
1989	7	31	-0.154737318937283	0.0883871374716709	-0.00637311470906235	-0.0368575273700152
1989	8	31	0.468800695348126	0.0878500274887036	-0.00220797908938241	-0.0153652229312376
1989	9	29	0.371930935642458	0.0877930474739867	-0.00146342516499008	-0.0131827495772281
1989	10	31	0.0727799375478042	0.0865661564416845	-0.00438240437820794	-0.0227369593011798
1989	11	30	0.0847571471417564	0.0857366978738167	-0.00622180504653157	-0.0204153371447707
1989	12	29	0.0661658642061185	0.0864148875092216	-0.00516880641223244	-0.0200813966094853
1990	1	31	0.346048716241261	0.0899944903288174	-0.00801117426674682	-0.0127454994085486
1990	2	28	0.0661369360574024	0.0901761056418505	-0.00993550887278098	-0.00639436001656514
1990	3	30	-0.130923264524356	0.0896879554547633	-0.00685248123565716	-0.00268805210036781
1990	4	30	0.192528668097492	0.0929512510525264	-0.00966748515574520	0.00240634792456304
1990	5	31	-0.271164331985053	0.0904540212172390	-0.00932851421377577	-0.00550140319356419
1990	6	29	-0.646264156630948	0.0894089259609119	-0.00982844710010298	-0.00925448206133350
1990	7	31	-0.557429653059030	0.0911142310993095	-0.0139597225395297	-0.0172128799041299
1990	8	31	-0.552820399449142	0.0985790738035677	-0.0209937026399612	-0.0211502402179017
1990	9	28	-0.102310699978861	0.0997127225051926	-0.0234875443216472	-0.0232012148762207
1990	10	31	-0.138672235933444	0.0992837323583213	-0.0247289874252294	-0.0280213294775309
1990	11	30	-0.123566000629266	0.0953293372251229	-0.0207595488605826	-0.0299313950116285
1990	12	31	0.246989616067358	0.0948830377470523	-0.0257907562126255	-0.0287160677815355
1991	1	31	0.436397657085412	0.0938728590263401	-0.0286742105209844	-0.0239829009148467
1991	2	28	0.256071358803859	0.0929112836981255	-0.0308190773402563	-0.0174714018984579
1991	3	28	-0.0292162491452273	0.0918466058938340	-0.0328733967710174	-0.00779541155080031
1991	4	30	-0.00106609748409198	0.0930809863450846	-0.0367874403572671	-0.0110015426627908
1991	5	31	-0.298934576485463	0.0943383449312999	-0.0365849252146223	-0.0160286200775162
1991	6	28	-0.513018754856683	0.0949201451434604	-0.0387724747406639	-0.00778797990391091
1991	7	31	-0.843948242528286	0.0937708965482901	-0.0391456946243794	-0.00732774573291974
1991	8	30	-1.25450781653593	0.0925644033913000	-0.0405933326782586	-0.0168392997882544
1991	9	30	-1.10635717339714	0.0899378746538441	-0.0399987721645704	-0.0211328601120939
1991	10	31	-1.15556613625192	0.0921000637463990	-0.0452954007766671	-0.0275905527576111
1991	11	29	-1.02909229723416	0.0936527131587023	-0.0508728003150616	-0.0322956107682744
1991	12	31	-0.977535228838904	0.0870649548519853	-0.0509490966517963	-0.0295211304305191
1992	1	31	-1.07574074281151	0.0921574533780061	-0.0567729759551437	-0.0217313064424021
1992	2	28	-1.38048120874983	0.0897302463213106	-0.0554415255768644	-0.0114556154837783
1992	3	31	-1.60452329627710	0.0888858560866333	-0.0548764216364310	0.00299250934362153
1992	4	30	-1.90318797018157	0.0908078815413428	-0.0607100561630224	0.00135998777581254
1992	5	29	-2.08858449680075	0.0889067267716611	-0.0582708131898111	-0.00588516997438941
1992	6	30	-2.23104755182681	0.0897185770496335	-0.0594649220778993	-0.0183910702333925
1992	7	31	-1.81929429123538	0.0868869367483055	-0.0588551310002949	-0.0245726313835538
1992	8	31	-1.99979800470070	0.0883260812669604	-0.0608738945360868	-0.0340264997923917
1992	9	30	-1.79855668132942	0.0880309248784334	-0.0643829626691027	-0.0386662310956685
1992	10	30	-1.16308202884322	0.0885992434657366	-0.0612656694289921	-0.0238717294867468
1992	11	30	-1.18850163100346	0.0869673140914234	-0.0583577313132038	-0.0109107912981980
1992	12	31	-1.79839670679012	0.0839727036390943	-0.0589899495312423	-0.00759382474931929
1993	1	29	-1.67378843777853	0.0821805089870336	-0.0566204550119554	-0.0200191350204936
1993	2	26	-1.53437594665495	0.0799668365649346	-0.0536217303714707	-0.0285211873438743
1993	3	31	-1.49417399909068	0.0802518813734659	-0.0536256820172318	-0.0278696435227736
1993	4	30	-1.58836863936498	0.0821668434523869	-0.0550863293546122	-0.0369023064689829
1993	5	28	-0.753312223102198	0.0807732770412950	-0.0497684005262274	-0.0299464826670513
1993	6	30	-0.625223387979045	0.0765961922797941	-0.0455838232199665	-0.0319069455262486
1993	7	30	-0.521295493273308	0.0757363319984585	-0.0445598949441421	-0.0268201871088500
1993	8	31	-0.537029752491988	0.0721129177429208	-0.0407717403342513	-0.0316165033340917
1993	9	30	-0.328244614655405	0.0706502260249819	-0.0401773056160409	-0.0272128793029233
1993	10	29	-0.303441969813966	0.0704687535233269	-0.0385942345595782	-0.0265011680624599
1993	11	30	-0.268403731608212	0.0747228575686243	-0.0425493918434296	-0.0253008170092224
1993	12	31	-0.0769727538622655	0.0747149746009232	-0.0427165514861172	-0.0237239055899002
1994	1	31	0.00755234695806656	0.0730372636174445	-0.0415864268539373	-0.0252217967102260
1994	2	28	0.143775288649680	0.0766800211583954	-0.0417908928603443	-0.0173747757857558
1994	3	31	0.233463194084703	0.0815401834151764	-0.0440705754330535	-0.00871680689841522
1994	4	29	0.426254194421795	0.0818681221318402	-0.0396698331645035	-0.00188455413900533
1994	5	31	0.588300104465054	0.0821481887440525	-0.0354437178783378	-0.00300373840024702
1994	6	30	0.858430216476566	0.0847365959271439	-0.0369728298657253	-0.00382791714148325
1994	7	29	0.790477718055430	0.0827441784571527	-0.0342919032695336	-0.00881024945399451
1994	8	31	1.05434075716753	0.0830722609500351	-0.0321794730859610	-0.00907017712549496
1994	9	30	0.921694781599825	0.0865362363000125	-0.0333630427183841	-0.00401480921239757
1994	10	31	0.935119047583678	0.0875305737595171	-0.0324615545454748	-0.00133554021612565
1994	11	30	1.52640946773758	0.0840089260715444	-0.0214611342298998	0.00749740217256070
1994	12	30	2.41293707006292	0.0830171951583069	-0.0149072728191810	0.00621358889704746
1995	1	31	1.70041253443045	0.0826040052159943	-0.0171319298547322	-0.00162347523222244
1995	2	28	1.15765158171201	0.0806452908883333	-0.0180428640490477	-0.0105810469856826
1995	3	31	0.780283216235808	0.0801316315032679	-0.0172627651023710	-0.00937045676646979
1995	4	28	0.395825010817257	0.0790924318938936	-0.0172232911257231	-0.0133687790202569
1995	5	31	-0.302660675689422	0.0725363234726152	-0.0123497634334081	-0.0255404383731287
1995	6	30	-0.159331843167207	0.0716241218492266	-0.0138395487477464	-0.0218135597024983
1995	7	31	-0.371812278212626	0.0740076122260246	-0.0173494543362067	-0.0193428326284173
1995	8	31	-0.196288205726771	0.0715290165131763	-0.0148328225802087	-0.0171400730012621
1995	9	29	-0.0989808626804457	0.0696910084271517	-0.0127777241081628	-0.0156961195584143
1995	10	31	-0.259602897051027	0.0687195636960634	-0.0120484530516389	-0.0203523656796593
1995	11	30	-0.603557300628658	0.0675164740462113	-0.0114085497928913	-0.0273767746124403
1995	12	29	-0.489980476222041	0.0655668625264372	-0.0119629185940990	-0.0252476027070525
1996	1	31	-0.733879961406316	0.0677296798637902	-0.0166735700266848	-0.0308569846053689
1996	2	29	-0.129109905905165	0.0725211124354000	-0.0204560086008245	-0.0245017781233339
1996	3	29	-0.0924669949734779	0.0727698926853096	-0.0198482981328089	-0.0135283411450297
1996	4	30	0.274167062395358	0.0748095275258157	-0.0219734614293135	-0.00730769953166892
1996	5	31	0.199978586348728	0.0756325860549447	-0.0220799153814095	-0.00231281596427444
1996	6	28	0.225920375023484	0.0746126231580430	-0.0203079566914708	-0.00657957335568567
1996	7	31	0.225663162996529	0.0757188523967362	-0.0198917497804179	-0.00820209922960242
1996	8	30	0.383272562159224	0.0769823040131468	-0.0219039858372263	-0.00409651619615817
1996	9	30	0.556477502794415	0.0753807562965056	-0.0214675424417619	-0.00765730176795779
1996	10	31	0.126043137536534	0.0726861221257854	-0.0191087526700637	-0.0153787875863832
1996	11	29	0.153071737703194	0.0700378064125482	-0.0155919667067307	-0.0195502474383075
1996	12	31	0.201518415828642	0.0724723862418086	-0.0189182638670734	-0.0102982706973232
1997	1	31	0.423601392210369	0.0737451382210120	-0.0199293000805084	-0.0115781046837940
1997	2	28	0.394106861685651	0.0733707216986626	-0.0192540361819273	-0.00660706759169033
1997	3	31	0.570026249267874	0.0760274532892523	-0.0192726945098354	-0.00251912234345143
1997	4	30	0.513846405971832	0.0747400141043700	-0.0179623703232445	-0.00668182001116570
1997	5	30	0.523236423004265	0.0738796072332270	-0.0181413022609099	-0.00608610755451588
1997	6	30	0.332887478444318	0.0722629750227971	-0.0178562835667014	-0.00494181211228404
1997	7	31	0.0701915485751154	0.0675147426865282	-0.0126304303591649	-0.0122462668453423
1997	8	29	0.185806270358688	0.0705035562042186	-0.0154774077760360	-0.00758557457569928
1997	9	30	0.599755980089783	0.0687401211058264	-0.0144678390858911	-0.00964517079681381
1997	10	31	0.543921072701342	0.0665746193997060	-0.0106101608780516	-0.0155573648267593
1997	11	28	0.655174856580296	0.0657909638412704	-0.00828520624199967	-0.0124810213205650
1997	12	31	0.385075011345338	0.0644961928754660	-0.00748858162379902	-0.0143577026984098
1998	1	30	0.347437662027153	0.0638627504896930	-0.00805728900067255	-0.0222941996661049
1998	2	27	0.426652912347639	0.0639988287885388	-0.00766076465133491	-0.0164575967291882
1998	3	31	0.415698771843592	0.0638785400609875	-0.00794806372222123	-0.0135068099363253
1998	4	30	0.543846457681457	0.0641785182043789	-0.00841165108635925	-0.0136891787599617
1998	5	29	0.447572055500999	0.0624473951778268	-0.00623866121788484	-0.0130872758078777
1998	6	30	0.382486342460230	0.0606015493850462	-0.00525283331705830	-0.0107450435193516
1998	7	31	0.239051823234125	0.0614034426098654	-0.00592695021666750	-0.0122990668176454
1998	8	31	0.188514895619025	0.0591468171296545	-0.00531072252058570	-0.0263302353511914
1998	9	30	0.711718188899952	0.0539686847176975	-0.00348304386821449	-0.0311146610393187
1998	10	30	0.577602587888352	0.0583837982526288	-0.00910354425320309	-0.0374700444154662
1998	11	30	0.435450834216392	0.0573880044141680	-0.00724618820091014	-0.0279629732748571
1998	12	31	0.412172539102233	0.0550620839958174	-0.00636744584819667	-0.0194320223266532
1999	1	29	0.488129474924249	0.0554571716176501	-0.00631706847015370	-0.0217355604386754
1999	2	26	0.768721508654453	0.0602969195471834	-0.0105761336353744	-0.00985759854113264
1999	3	31	0.567428462860991	0.0620590332593982	-0.0133780779764846	-0.0149198351814209
1999	4	30	0.257313250252749	0.0618440760697393	-0.0132856796682886	-0.0125009345571627
1999	5	28	0.136288859373012	0.0628634441580956	-0.0144643909208602	-0.00114154674508246
1999	6	30	0.171855844432932	0.0649889835156739	-0.0154639718922878	-0.00452651072631668
1999	7	30	0.335845593266450	0.0665941951287346	-0.0168577340596714	-0.00288367996938720
1999	8	31	0.573873602183156	0.0678246287050937	-0.0146362803808973	-0.00741424826515918
1999	9	30	0.894772792457779	0.0677600158414168	-0.0153457206000865	-0.00991552038324942
1999	10	29	0.569359248547701	0.0683792276685532	-0.0140664246194442	-0.00873897483357284
1999	11	30	0.672850438555492	0.0696554246909289	-0.0120108001116768	-0.0110466918121871
1999	12	31	1.14559539296863	0.0724238351207129	-0.0121807998701933	-0.0113043838089994
2000	1	31	1.16813038926917	0.0725341597963390	-0.0101832937727855	-0.00459469777777171
2000	2	29	0.907050372382492	0.0696269298579468	-0.00827557889583821	-0.000563575175923301
2000	3	31	0.870390450180613	0.0634755076281787	0.00102429973543425	-0.000771631224805160
2000	4	28	1.21010680925341	0.0648471107194759	7.18514017661913e-05	0.00274595185952752
2000	5	31	1.68521429431724	0.0660402618265387	0.000894172788699062	-0.00154923670349407
2000	6	30	1.17302522097097	0.0659012870278604	0.000211479186621050	-0.0116628063714616
2000	7	31	0.470857250354593	0.0653868930500897	0.00154162130153382	-0.0136633433042231
2000	8	31	-0.0328484293087643	0.0622090526553152	0.00446981813762972	-0.0141166976728143
2000	9	29	-0.174853428725699	0.0652438208083906	0.00105486345054242	-0.0240433945429281
2000	10	31	-0.0548463544302553	0.0651079086284313	0.00245015563915757	-0.0274140022047162
2000	11	30	-0.0549616176191436	0.0626447697638578	0.00359633854508486	-0.0318222165284722
2000	12	29	-0.359361896910158	0.0609419940782398	0.000267554682192122	-0.0361327355719192
2001	1	31	-0.495814211240636	0.0629520514111932	-0.0125419908317750	-0.0332088497756425
2001	2	28	-1.01720657573459	0.0602192358199875	-0.0128104723086025	-0.0288055460901278
2001	3	30	-1.06478025031999	0.0611445393210743	-0.0185031644356021	-0.0272181892441081
2001	4	30	-1.20213867133415	0.0653102435545537	-0.0274169069187078	-0.0192340322379402
2001	5	31	-1.05739051148465	0.0652142308169803	-0.0319022165111859	-0.0115907578898601
2001	6	29	-1.20970911992186	0.0649965059538831	-0.0314588228299418	-0.00979218570759810
2001	7	31	-1.83144402161523	0.0625625177088803	-0.0316632401971690	-0.0166800696908605
2001	8	31	-2.03826699667858	0.0607793744140915	-0.0314811535746163	-0.0168318114067116
2001	9	28	-2.03766334603228	0.0623608314554373	-0.0426557447173487	-0.0251381183042443
2001	10	31	-2.68438621123602	0.0584432623685237	-0.0453949486274090	-0.0217249171668213
2001	11	30	-2.40038775419959	0.0609737204737665	-0.0512994212008998	-0.00281024337471851
2001	12	31	-2.80888040582501	0.0622121333443446	-0.0557467739693897	0.00955980460432022
2002	1	31	-2.51495404427869	0.0615156983364914	-0.0528326668163401	0.00901216729445092
2002	2	28	-2.34012965268687	0.0613517441306482	-0.0520329856649710	0.00289539752507984
2002	3	28	-1.42898228095015	0.0642085670070329	-0.0513567492451243	0.0156084110276347
2002	4	30	-2.08196740560507	0.0625446223029654	-0.0533087338164687	0.00867394886374058
2002	5	31	-1.65187148714778	0.0632701862804797	-0.0515878967585934	-0.000466844887764271
2002	6	28	-2.04486234801585	0.0624049888367432	-0.0529303404832546	-0.00585354101421373
2002	7	31	-2.84663979289082	0.0639748422282639	-0.0541326809104777	-0.0302486811778718
2002	8	30	-2.29098593686433	0.0607436525725433	-0.0481862193484242	-0.0370338234189102
2002	9	30	-1.68650424037570	0.0576586668612599	-0.0436050691738764	-0.0518699233302830
2002	10	31	-1.58423378325808	0.0630165839841159	-0.0503805034028832	-0.0555248305758772
2002	11	29	-1.29212752629478	0.0631299855079878	-0.0531684758657238	-0.0357940109347081
2002	12	31	-1.68956403460042	0.0612367271116091	-0.0511977724905753	-0.0511464884135579
2003	1	31	-1.76747604680899	0.0621216274817571	-0.0532588920672948	-0.0443383606971770
2003	2	28	-1.85891088756870	0.0594338582892113	-0.0491894769070504	-0.0513478445343732
2003	3	31	-1.79577964770833	0.0615930304768528	-0.0524424518212329	-0.0516279877918896
2003	4	30	-1.97022208098283	0.0619673325786088	-0.0533520682553788	-0.0508254603323219
2003	5	30	-0.888397766680523	0.0579715236646008	-0.0445074539563913	-0.0640350367629892
2003	6	30	-0.663141896188419	0.0604879432378817	-0.0494085603777259	-0.0619650794438177
2003	7	31	-0.508838391888209	0.0701369819594631	-0.0623640932693295	-0.0507989888032426
2003	8	29	-1.32280615763661	0.0674527618557915	-0.0604707420659540	-0.0380551040194265
2003	9	30	-1.82977061385358	0.0631088393572004	-0.0556660724546692	-0.0518760088359111
2003	10	31	-1.66613629810981	0.0647308932366452	-0.0579225199872653	-0.0392855243325483
2003	11	28	-0.959500231381661	0.0640557154801602	-0.0558800480699913	-0.0340264713513108
2003	12	31	-1.40458196484190	0.0648918102136806	-0.0580009089365484	-0.0401417066921866
2004	1	30	-1.31876201915701	0.0630833114471480	-0.0558199788598612	-0.0387935132696389
2004	2	27	-1.54068515690368	0.0619445042098631	-0.0545221734523272	-0.0442153776459560
2004	3	31	-1.25346871781031	0.0614688001763834	-0.0524924712335953	-0.0499271415523880
2004	4	30	-0.789205092351413	0.0642027710091871	-0.0556185640919691	-0.0255188320712165
2004	5	28	-0.642046738443191	0.0645344217155949	-0.0542422157463469	-0.0208369401224508
2004	6	30	-0.310437118297963	0.0633096345101789	-0.0491187344555452	-0.0236544299846827
2004	7	30	-0.313486921916845	0.0623765616532991	-0.0467268826363911	-0.0263724546837618
2004	8	31	-0.489737231883167	0.0597092602818693	-0.0426566307621651	-0.0362283490647059
2004	9	30	-0.0278350695770978	0.0589503287614542	-0.0383699687469164	-0.0358697347690754
2004	10	29	-0.192643516750748	0.0585134972074602	-0.0362072636390905	-0.0407270646720059
2004	11	30	0.243233810823821	0.0597200288705113	-0.0342465191880138	-0.0325578561090081
2004	12	31	0.633686175372668	0.0576814152875929	-0.0296004878996405	-0.0334451068515567
2005	1	31	0.746167579876368	0.0543293582088295	-0.0242489062319697	-0.0260369971055528
2005	2	28	0.885829235327653	0.0553511406496774	-0.0235032068926400	-0.0193659006155117
2005	3	31	0.827500725926291	0.0554595849456753	-0.0217824125762605	-0.0163559156603422
2005	4	29	0.693826246279759	0.0522260933444579	-0.0176377756929631	-0.0199746046171508
2005	5	31	0.896128601414899	0.0487198869573496	-0.0132498466324931	-0.0191360855805045
2005	6	30	0.868554451831920	0.0478185754303276	-0.0101023275863195	-0.0210179545108170
2005	7	29	0.701148846633095	0.0503582577046097	-0.0104259450575393	-0.0153175357437609
2005	8	31	0.616022242040219	0.0489178463397993	-0.00788323752511979	-0.0229009587307270
2005	9	30	0.919299772961781	0.0513017252735685	-0.00830914638815651	-0.0178037137578766
2005	10	31	0.693344741485565	0.0536343216238828	-0.00804172934693323	-0.0182387763086551
2005	11	30	0.877188697242644	0.0534157863461070	-0.00633526781382862	-0.0209033769425190
2005	12	30	0.758404548435075	0.0514910366138938	-0.00409790932017000	-0.0196341592142384
2006	1	31	0.327881427025910	0.0527844146409376	-0.00355297948032406	-0.0213416699612026
2006	2	28	0.191197881711353	0.0517355196983150	-0.00201079044833136	-0.0152691053649877
2006	3	31	0.0697296247320476	0.0553846197299917	-0.00418339300904694	-0.0177484319951439
2006	4	28	-0.158312329147246	0.0588084310433622	-0.00681529209548701	-0.0236152696803355
2006	5	31	-0.0371250209437092	0.0590729462109219	-0.00516233673829959	-0.0222940934992509
2006	6	30	0.0707136637518065	0.0582922888432068	-0.00255341766988622	-0.0208123084492429
2006	7	31	-0.115710567398432	0.0575076442107637	-0.00223069939945219	-0.0259939270860065
2006	8	31	-0.309638906957301	0.0553631107979196	-0.000499623865404892	-0.0285813885194965
2006	9	29	-0.221114419206550	0.0541016123703152	-0.000144546035658890	-0.0277744328992586
2006	10	31	-0.405176534710038	0.0533536393676516	0.000718346327047077	-0.0270506972587573
2006	11	30	-0.469988620368231	0.0517823713466801	0.00193235988073797	-0.0275384703219163
2006	12	29	-0.190910885364058	0.0539336972050100	0.000144691714415499	-0.0237670714542425
2007	1	31	-0.180661628286157	0.0547267720426482	-0.000521903511795471	-0.0221077192707108
2007	2	28	-0.403095282321759	0.0534016606629187	0.000426755144792952	-0.0285345303700482
2007	3	30	-0.526683629572127	0.0554864722964060	-0.000958510945434965	-0.0335777648742780
2007	4	30	-0.177951802156349	0.0552638762434536	-0.000552539317978892	-0.0336528931572666
2007	5	31	0.468551210196488	0.0564717523902065	-0.00239660140760722	-0.0227348819865665
2007	6	29	0.115521410260011	0.0588594806539945	-0.00571242219085132	-0.0251221868058734
2007	7	31	-0.460022954707367	0.0579566458563816	-0.00495143753991223	-0.0361470477118800
2007	8	31	0.507748927717598	0.0574294284091402	-0.00828161572089246	-0.0387488198153910
2007	9	28	0.145181125279582	0.0593564704938157	-0.0142598493039873	-0.0397720972538925
2007	10	31	0.122174416398029	0.0578937791856466	-0.0122072612209431	-0.0404148151512206
2007	11	30	-0.0362157224973086	0.0574772595652426	-0.0188275175328144	-0.0574485597499233
2007	12	31	-0.276674621643832	0.0590001764780817	-0.0198090684778662	-0.0595662028138943
2008	1	31	0.324399303814349	0.0592182574200964	-0.0325781666193194	-0.0674350239657987
2008	2	29	-0.139105441263976	0.0632949171621448	-0.0397656281620601	-0.0830616894334703
2008	3	31	0.174605318009394	0.0584287073850375	-0.0387663414255776	-0.0691779966915051
2008	4	30	0.777411573047699	0.0570605294751606	-0.0368288168426696	-0.0451207295439786
2008	5	30	0.346748037396903	0.0588222492454443	-0.0369637534535708	-0.0356833708635601
2008	6	30	-0.0390124433047185	0.0558820129093237	-0.0332719334347095	-0.0338922837589907
2008	7	31	0.140691499418341	0.0561997397309160	-0.0348574477736480	-0.0359556746043342
2008	8	29	0.0692110408548315	0.0555736909063952	-0.0332763467330178	-0.0421448723429984
2008	9	30	0.689555540019073	0.0608005152346146	-0.0421370777004785	-0.0529638232797792
2008	10	31	1.63824609117011	0.0748997284194231	-0.0564546473058131	-0.0913694413290928
2008	11	28	2.92894901626860	0.0627296370879233	-0.0451159706181553	-0.0945148684028727
2008	12	31	1.95108969095674	0.0504838609291441	-0.0404400637120600	-0.0700473325528571
2009	1	30	1.89474859490465	0.0595789146243396	-0.0485274726591499	-0.0762031721565384
2009	2	27	1.77976163140687	0.0625633493798289	-0.0499369841219600	-0.0810566720761444
2009	3	31	1.59858313449376	0.0552704302227508	-0.0436987359832533	-0.0747132026077646
2009	4	30	1.18159896857204	0.0607588982757003	-0.0528945679983152	-0.0701739606101671
2009	5	29	0.334549044479683	0.0665190388168785	-0.0604165063449877	-0.0733663624217069
2009	6	30	-0.426205649956759	0.0637493483349216	-0.0606734205662541	-0.0562507615059119
2009	7	31	-0.526084146676260	0.0617668056556296	-0.0595651493643667	-0.0518686206703084
2009	8	31	-0.707853315034124	0.0614635386689652	-0.0596077059830921	-0.0555616161024743
2009	9	30	-0.696332033331592	0.0593992150005269	-0.0582302107850838	-0.0525085942927161
2009	10	30	-0.826863713234081	0.0608594120684265	-0.0597931188480858	-0.0558021506625615
2009	11	30	-0.501712905421696	0.0610350703209688	-0.0579824473452446	-0.0694231762722583
2009	12	31	-0.357855412904326	0.0661744902279224	-0.0642407224780392	-0.0562535214647996
2010	1	29	-0.664664482525148	0.0657796441945269	-0.0638986773422420	-0.0676128266481662
2010	2	26	-0.621154493312550	0.0664058492028310	-0.0638518726553042	-0.0700485568902905
2010	3	31	-0.656775372927300	0.0678197630160124	-0.0656647522320460	-0.0637463190508145
2010	4	30	-0.638895887578908	0.0650777794500089	-0.0624280369233263	-0.0630452058374549
2010	5	28	-0.222354335969588	0.0609929761629557	-0.0567110323167590	-0.0662682359669088
2010	6	30	-0.173746632573025	0.0574247270728249	-0.0519333557883999	-0.0714117808173275
2010	7	30	0.540532181049827	0.0593347479477973	-0.0508898511273280	-0.0844547513626034
2010	8	31	0.949218033566957	0.0516542795487957	-0.0428048627681252	-0.0764750974566737
2010	9	30	1.04892146686183	0.0539442289066054	-0.0439674559444856	-0.0843424817941400
2010	10	29	1.39258247719362	0.0577476366726141	-0.0459696176809451	-0.0980041912254345
2010	11	30	1.18147870518680	0.0582560543865736	-0.0481708893802704	-0.0886086008590080
2010	12	31	-0.0247860135642091	0.0637360622858900	-0.0582439993566745	-0.0796310362796846
2011	1	31	-0.183484812300610	0.0655178795313374	-0.0598758064198480	-0.0849288501464592
2011	2	28	-0.560994121405013	0.0638069520964097	-0.0605792175676597	-0.0722043444716840
2011	3	31	-0.766103958254185	0.0620268359255259	-0.0603624700493795	-0.0611954466592508
2011	4	29	-0.395107955409730	0.0628763744886817	-0.0593136515321461	-0.0751591289735940
2011	5	31	-0.0367883855642497	0.0604539764261078	-0.0550925101629767	-0.0814559620535975
2011	6	30	0.155941714275936	0.0632421891060630	-0.0573294146954364	-0.0857322161569417
2011	7	29	1.03590584098383	0.0601632624088261	-0.0495960905948247	-0.0974099671639610
2011	8	31	1.52377098249175	0.0503837255552139	-0.0401927012306597	-0.0882302276377273
2011	9	30	1.14474614852647	0.0429391969878803	-0.0346455254172951	-0.0699199462833171
2011	10	31	1.25467550710693	0.0472141350455971	-0.0382109285757319	-0.0788774756397380
2011	11	30	1.22647894856184	0.0455819847037457	-0.0367924764068599	-0.0754936552987658
2011	12	30	1.21118470791714	0.0421131261152155	-0.0336162375305473	-0.0709242300318862
2012	1	31	1.42919291297291	0.0412605909408523	-0.0313883181211430	-0.0744587701725391
2012	2	29	1.44533611513838	0.0439321866930368	-0.0338176246146561	-0.0752536827595830
2012	3	30	1.38157055391568	0.0479941806647572	-0.0383024580403665	-0.0777711924068076
2012	4	30	1.53727469099917	0.0430516979016856	-0.0325209410512898	-0.0757059596237651
2012	5	31	1.44139222680498	0.0352094158052793	-0.0254760577673703	-0.0626759097036904
2012	6	29	1.42993668542235	0.0364855670247474	-0.0265253433121680	-0.0629400446138669
2012	7	31	1.32214008285736	0.0343866496919423	-0.0247284039096679	-0.0634768883133131
2012	8	31	1.50904901861343	0.0356621440806545	-0.0254694554655003	-0.0660825831769748
2012	9	28	1.50134359824035	0.0372509940252952	-0.0268760255848578	-0.0683792362379082
2012	10	31	1.29056323976110	0.0377027797605901	-0.0279436263774543	-0.0660098816212592
2012	11	30	1.51514198303640	0.0363537430361015	-0.0260580024982972	-0.0663337519781687
2012	12	31	1.52019597530655	0.0394633308826934	-0.0296873663804701	-0.0693608844771835
2013	1	31	1.26378955846029	0.0432220997525924	-0.0340256504158403	-0.0726323326812771
2013	2	28	1.42150873608617	0.0416758121515474	-0.0314718395030327	-0.0741157956717439
2013	3	28	1.49045536053384	0.0412111459493351	-0.0312616687904657	-0.0727277069593114
2013	4	30	1.53876257404469	0.0381832765226260	-0.0286252743630823	-0.0685591849986944
2013	5	31	1.12822252085857	0.0445722312950660	-0.0367102067292174	-0.0698399556203962
2013	6	28	0.159944564480205	0.0496334786039300	-0.0445247479652929	-0.0672652778486740
2013	7	31	-0.0346367579159484	0.0521453943686866	-0.0472330410134730	-0.0729184707460945
2013	8	30	-0.481999518926383	0.0537403704578871	-0.0510099188533944	-0.0656722295659263
2013	9	30	-0.136691440827177	0.0523064745840136	-0.0481223921356775	-0.0714818165434686
2013	10	31	-0.0343788727474656	0.0521216637557649	-0.0468911206780038	-0.0743123936874230
2013	11	29	0.157419272972662	0.0569667249465269	-0.0499498550206750	-0.0858752825853345
2013	12	31	-0.442559321699298	0.0600766883553329	-0.0563725375011741	-0.0780125722366570
2014	1	31	-0.420071504951081	0.0532990837336613	-0.0496861701938588	-0.0705719731114858
2014	2	28	-0.681712219562976	0.0525223333445950	-0.0494550682013703	-0.0684175873882657
2014	3	31	-1.47490763937786	0.0509326545600999	-0.0512363749231484	-0.0541631634337745
2014	4	30	-1.70768073486390	0.0487936178063636	-0.0501577461478060	-0.0494572978373597
2014	5	30	-1.64489082405250	0.0456377845990441	-0.0465624785425908	-0.0474684235190648
2014	6	30	-1.74500155779880	0.0454818041237562	-0.0470294583361803	-0.0431758966124891
2014	7	31	-2.05624182358884	0.0443507876245512	-0.0479612592908289	-0.0335344359005432
2014	8	29	-2.04154466004615	0.0403662759222382	-0.0439539532295274	-0.0291093356389037
2014	9	30	-2.19898980607728	0.0415842212712389	-0.0463427107551166	-0.0254393906570339
2014	10	31	-2.01937617733973	0.0402217411901451	-0.0436994074972935	-0.0288935820495045
2014	11	28	-1.89691411813078	0.0381252087629774	-0.0405291005146035	-0.0301864855023163
2014	12	31	-1.73738354026080	0.0350411018134962	-0.0382072569906273	-0.0159844721225420
2015	1	30	-1.34283633935988	0.0288078658437093	-0.0300915305839698	-0.0204881388126865
2015	2	27	-1.41603420873536	0.0326066993786944	-0.0350557821443425	-0.0160298004257455
2015	3	31	-1.32204044472072	0.0325923717458895	-0.0333926684821404	-0.0222348748025877
2015	4	30	-1.09016312977480	0.0347533669350840	-0.0356080910291760	-0.0248914564637125
2015	5	29	-0.978310315750895	0.0367376220720625	-0.0370185940310246	-0.0280791788177103
2015	6	30	-1.16441196051682	0.0402394009092445	-0.0409291973771689	-0.0305086017257385
2015	7	31	-0.949751022422443	0.0374376430721961	-0.0368606644806277	-0.0290220621676034
2015	8	31	-0.777770605722769	0.0373508803337536	-0.0356222557493358	-0.0282334333413788
2015	9	30	-0.238114469862647	0.0358408289110349	-0.0337278260597111	-0.0316926428450922
2015	10	30	-0.419054339709709	0.0365190618666197	-0.0341017812954718	-0.0287634944569921
2015	11	30	-0.155374047596410	0.0363055843331673	-0.0321269429966838	-0.0252341861089623
2015	12	31	-0.0531139293056596	0.0367298715813120	-0.0316846409260278	-0.0234463042283750
2016	1	29	0.0773188266577483	0.0341427383814168	-0.0274141199744390	-0.0343174897316812
2016	2	29	0.421870224568389	0.0315809328057783	-0.0231344251947389	-0.0342994904991106
2016	3	31	0.480724755466854	0.0328301714278545	-0.0246091339479669	-0.0373511560903650
2016	4	29	0.356388997826829	0.0326412580569939	-0.0258380153091673	-0.0323278549174962
2016	5	31	0.208658333818400	0.0319187950266850	-0.0243341098985763	-0.0291317039782694
2016	6	30	0.0283897744099867	0.0279709417717924	-0.0213026066591520	-0.0326949716034739
2016	7	29	0.123523374994509	0.0267723143675492	-0.0197457049878411	-0.0290856449353520
2016	8	31	0.0343189848174002	0.0268807055083189	-0.0203896294702844	-0.0222179613602804
2016	9	30	0.206158600388088	0.0285824342395997	-0.0210423494077242	-0.0287246182842145
2016	10	31	0.244194679130294	0.0318484754688324	-0.0241815821169723	-0.0306806948281766
2016	11	30	-0.249985973783696	0.0378925117350297	-0.0316770748210738	-0.0247676906342732
2016	12	30	-0.403938158910308	0.0389818889140587	-0.0322350740264090	-0.0257784791048968
2017	1	31	-0.392352119170174	0.0386215148575994	-0.0325610893707610	-0.0238094814841379
2017	2	28	-0.482312130326280	0.0366949172219976	-0.0301199212379453	-0.0199029004811652
2017	3	31	-0.658052371937963	0.0371735174844285	-0.0283747236630767	-0.0247531976891758
2017	4	28	-0.462294587353293	0.0359848810674454	-0.0255015852444818	-0.0273458450829337
2017	5	31	-0.393030323512457	0.0352851119894945	-0.0228223810025805	-0.0302407264615971
2017	6	30	-0.563103391798933	0.0351497925612074	-0.0227027278532003	-0.0261106841500186
2017	7	31	-0.440216768816617	0.0360874418976259	-0.0232308369991792	-0.0297571518759001
2017	8	31	-0.176705055437320	0.0333615805425930	-0.0197056400822672	-0.0288188037618255
2017	9	29	-0.288392682044467	0.0352227501710162	-0.0217807174848138	-0.0252150344603608
2017	10	31	-0.153864100026601	0.0349575498062741	-0.0205000933471823	-0.0227545133780873
2017	11	30	0.0160494406772591	0.0342158835613810	-0.0179130862819097	-0.0191322040013047
2017	12	29	0.0688232618147119	0.0333628039426940	-0.0159884603416312	-0.0164912334421647
2018	1	31	-0.0248291009718738	0.0351552589232878	-0.0183053295946679	-0.00871894106769987
2018	2	28	-0.144213079672221	0.0378979451865910	-0.0188466887616349	-0.0132347850958080
2018	3	29	-0.0529823362136090	0.0362710699775038	-0.0155501906436891	-0.0143174310596064
2018	4	30	-0.0996961490213977	0.0369294940777271	-0.0161130729164718	-0.00752878719755190
2018	5	31	-0.184860909180087	0.0361418941675987	-0.0145077510330121	-0.0102280898977324
2018	6	29	-0.0213297138971892	0.0355273460613785	-0.0129510057803024	-0.00838420417945805
2018	7	31	0.117861246833684	0.0357897747168291	-0.0125461340828520	-0.00550118910319843
2018	8	31	0.198030808520742	0.0350932149313291	-0.0103178457749365	-0.00930701982016519
2018	9	28	0.221800738223917	0.0368114474789418	-0.0113862620409652	-0.00689619737116629
2018	10	31	0.404309570618895	0.0382249587174083	-0.0112005829956811	-0.0103966470984157
2018	11	30	0.595079919855204	0.0373624226507427	-0.00844859858761894	-0.0164064457984514
2018	12	31	0.495960878250269	0.0362139791676340	-0.00592553473055976	-0.0277426206879709
2019	1	31	0.344494730928155	0.0352536451221550	-0.00566224561900617	-0.0266033968570504
2019	2	28	0.202627093775148	0.0360243089914360	-0.00688898136258952	-0.0250979750434772
2019	3	29	0.0105750385348764	0.0332849387386167	-0.00424242787047709	-0.0296598591533524
2019	4	30	-0.0541412412868049	0.0346164982501857	-0.00613021619332212	-0.0301060327927210
2019	5	31	-0.406558037983772	0.0316788128256227	-0.00333989890761193	-0.0372093166789429
2019	6	28	-0.318319114270785	0.0307704367352519	-0.00536131340228338	-0.0363197563019451
2019	7	31	-0.146933983079590	0.0290421811196131	-0.00389703786187963	-0.0291340394801934
2019	8	30	-0.289276986518218	0.0234246403237872	0.000566638062707504	-0.0310959420731191
2019	9	30	-0.0693547609247910	0.0248731298289542	-0.00197051045216621	-0.0268203225552596
2019	10	31	-0.0806890115569102	0.0249532910603498	-0.00526806335965096	-0.0233991763268767
2019	11	29	0.0880092080313060	0.0263723093744125	-0.00622351042899999	-0.0231280296105609
2019	12	31	-0.0302257521779025	0.0286290777137632	-0.00940944195952188	-0.0252399002506682
2020	1	31	-0.193557471316021	0.0241058336514866	-0.00448842094254350	-0.0293816780643047
2020	2	28	-0.353093835378065	0.0211547718513515	-0.00510772134317865	-0.0316519147165718
2020	3	31	0.00327482571690880	0.0166332863359761	-0.0119326217807413	-0.0256763545210718
2020	4	30	-0.313393128018298	0.0160779862514515	-0.0119939015683425	-0.0245916494591156
2020	5	29	-0.183972320569818	0.0169751182257669	-0.0115673994005796	-0.0298895119183523
2020	6	30	-0.202357355440930	0.0175647346180621	-0.0120961221122983	-0.0322126031778246
2020	7	31	0.0243413313501512	0.0156222219878087	-0.0103696700659799	-0.0299907685989951
2020	8	31	0.331673419747135	0.0193836862726597	-0.0131480479942820	-0.0368726802651784
2020	9	30	0.177681158366604	0.0184642765327015	-0.0129440135305878	-0.0342308823561663
2020	10	30	0.103757125665748	0.0215384519197738	-0.0161036662451466	-0.0372919931812495
2020	11	30	0.173058365886928	0.0211516829813920	-0.0154983815226776	-0.0375991663608388
2020	12	31	0.182934794660618	0.0231992907647870	-0.0172160283542676	-0.0423323882451446
2021	1	29	0.320378476108746	0.0260856374515390	-0.0199781672387768	-0.0469010902907665
2021	2	26	-0.214728192797419	0.0312639656356331	-0.0270881719130469	-0.0477931739347583
2021	3	31	-0.628581591896041	0.0369278524099276	-0.0339360170227227	-0.0524280097270179
2021	4	30	-0.449124197849080	0.0353922813319134	-0.0319207708787406	-0.0518789143559720
2021	5	28	-0.294225297640779	0.0357115564910109	-0.0317554656157875	-0.0542505649007812
2021	6	30	-0.558134753549671	0.0311039656819680	-0.0287500402680625	-0.0397835530026331
2021	7	30	-0.603187238691525	0.0268976749078568	-0.0243660684814995	-0.0368517732416015
2021	8	31	-0.795613078552557	0.0272047812567052	-0.0256756779977776	-0.0334070883645441
2021	9	30	-1.13451607887035	0.0292187212039108	-0.0289288781612413	-0.0311215245123227
2021	10	29	-1.32729596594870	0.0270600636207013	-0.0287106669392179	-0.0159598456821829
2021	11	30	-1.35423129050276	0.0234367102888165	-0.0251717504000094	-0.00758392614723892
2021	12	31	-0.978888798755790	0.0232902192680037	-0.0235411238149606	-0.00516635293618080
2022	1	31	-0.415877621271795	0.0242846513266862	-0.0212257758341474	0.00185593105703329
2022	2	28	0.256039831102393	0.0234689963667194	-0.0169994678536590	0.00536205450639956
2022	3	31	1.31347046260190	0.0240766815496150	-0.0140040029168377	0.0277743557305360
2022	4	29	1.46651464515024	0.0317039201284115	-0.0178145329251503	0.0224437466783262
2022	5	31	0.983035305360562	0.0332125887967207	-0.0170687444292475	0.0101574169066968
2022	6	30	1.05733074319844	0.0357583662714624	-0.00855419260005914	-0.00242984042753146
2022	7	29	0.995200397108103	0.0323464474024204	0.00117679036146644	-0.0156346787845527
2022	8	31	0.822587262072295	0.0351890111072791	0.000621723300883260	-0.00138565677538353
2022	9	30	1.27368281687400	0.0394613937973452	0.00137351214135606	0.00895093800907588
2022	10	31	0.893269500187479	0.0432205875920811	0.00677043417471374	-0.00746249138964887
2022	11	30	1.66290485188172	0.0406834958620109	0.0145742563895698	-0.0240228482163214
2022	12	30	1.53253763936748	0.0452710454821337	0.00929479653145046	-0.0253814074256143
2023	1	31	1.46947375897810	0.0419162594849676	0.0158719669736456	-0.0357951190384197
2023	2	28	1.87798217421820	0.0432316826289534	0.0154142790185049	-0.0190467997308857
2023	3	31	0.597516301051509	0.0422378807557701	0.0138729470279491	-0.0376106609369964
2023	4	28	0.204033326781799	0.0422849997669856	0.0159052926567081	-0.0438356023193285
2023	5	31	0.283852266476552	0.0438339918652900	0.0196898157120730	-0.0440124048363453
2023	6	30	1.48805299303281	0.0425344312955023	0.0213037967001046	-0.0260879171176389
2023	7	31	1.17662248927305	0.0447163948023952	0.0196620703178928	-0.0311312062028665
2023	8	31	0.922601605156550	0.0473689755674986	0.0165729838443844	-0.0341040519388594
2023	9	29	0.813851601154414	0.0533227026153237	0.00971760703947271	-0.0344409149917928
2023	10	31	0.315041778384015	0.0584697470209665	0.00364763269658740	-0.0374127654255433
2023	11	30	0.314415861173881	0.0524633364707069	0.00890763034956232	-0.0428749803395952
2023	12	29	-0.485631317829068	0.0479710885183365	0.0103275218914028	-0.0453174422943175
2024	1	31	-0.798506052344649	0.0478389725865928	0.00902498385084928	-0.0438556194414441
2024	2	29	-0.477947656840017	0.0494990964283116	0.00824494383793834	-0.0334608516785800
2024	3	28	-0.435525005752625	0.0486037805839518	0.00938034502355706	-0.0323690066809798
2024	4	30	-0.311140907347530	0.0519561456359330	0.00587863891966250	-0.0223429611656624
2024	5	31	-0.172569718820227	0.0511874369061343	0.00748497938258430	-0.0284680140724556
2024	6	28	-0.122709688621849	0.0510967856100173	0.00799048032201098	-0.0335460365961251
2024	7	31	-0.456132832105336	0.0494728107901723	0.00807512101156625	-0.0448964192514396
2024	8	30	-1.14104487562325	0.0494981334027387	0.00365931240394293	-0.0472960731891372
2024	9	30	-1.20620442090361	0.0483199239332912	-0.00135797104544933	-0.0421668992932714
2024	10	31	-0.703355845648443	0.0509396774656740	-0.00408045047513996	-0.0266426067528932
2024	11	29	-0.295592749892809	0.0496979893113002	-0.00204469094499282	-0.0267127646808878
2024	12	31	-0.303186650102633	0.0544786477904404	-0.0105873311876818	-0.0218237877009615
2025	1	31	-0.218393487668337	0.0548006147196605	-0.0103039622379446	-0.0248896920024858
2025	2	28	-0.338068436098201	0.0513178605933163	-0.00654412864310490	-0.0289939476515765
2025	3	31	-0.691855795911597	0.0526375941110661	-0.00717651284813860	-0.0351888317070867
2025	4	30	-0.906682024517541	0.0552677620301922	-0.00968754072675254	-0.0497097248694280
2025	5	30	-0.195766390886410	0.0574800448537795	-0.00947109183001677	-0.0479013078278173
2025	6	30	-0.340780740987098	0.0566902524643402	-0.00913780239410183	-0.0522047464906935
2025	7	31	0.123903664606986	0.0572396980108346	-0.00836395722833707	-0.0484045485741979
2025	8	29	0.331862271316714	0.0579630152664366	-0.0110801582238286	-0.0561919589244950
2025	9	30	-0.161836984265815	0.0542100496899031	-0.0116227115787711	-0.0417055875646715
2025	10	31	-0.111645333201422	0.0527799441052870	-0.0105947766746555	-0.0388192503176998
2025	11	28	-0.200696122979333	0.0520648014853565	-0.0102989300170760	-0.0405498746972079
2025	12	31	-0.332058798835628	0.0540513076930843	-0.0155761850192536	-0.0365567937484318